Id,Target
p_f3e6a066a956,0.008356 0.011658 0.170975 0.264295 0.159055 0.019494 0.007147 0.036311 0.021379 0.216344 0.010941 0.009349 0.020241 0.040736 0.003719
p_aea2270d7d8b,0.001641 0.005083 0.000274 0.000693 0.000099 0.118207 0.004121 0.098766 0.642777 0.019245 0.000071 0.000085 0.070654 0.038189 0.000096
p_ad224c9c48a1,0.003007 0.027828 0.009114 0.004585 0.000337 0.013639 0.098899 0.066010 0.003592 0.009594 0.026502 0.248390 0.007922 0.477850 0.002733
p_39b89fdf97f8,0.003371 0.000462 0.000311 0.000053 0.000388 0.000292 0.000024 0.003589 0.972062 0.005929 0.000004 0.000017 0.013413 0.000065 0.000019
p_75bfbaea7c44,0.037417 0.090265 0.016378 0.026702 0.011082 0.145623 0.118622 0.059718 0.196245 0.055380 0.035861 0.012582 0.087787 0.071983 0.034353
p_7d1894a3edf0,0.074872 0.112067 0.216015 0.002757 0.000554 0.010039 0.014819 0.081035 0.212251 0.018956 0.008495 0.005667 0.170882 0.000287 0.071304
p_4a94d94ced93,0.002513 0.002618 0.000097 0.000069 0.000001 0.002066 0.024249 0.867436 0.066239 0.009004 0.000312 0.001592 0.012075 0.011646 0.000083
p_c1175a2885ec,0.000060 0.004317 0.001941 0.001843 0.000002 0.002875 0.014237 0.000328 0.000084 0.002120 0.002730 0.001460 0.000560 0.967412 0.000030
p_1d3dab19679a,0.029354 0.008131 0.003219 0.001603 0.000692 0.017289 0.005375 0.330894 0.498674 0.017966 0.000763 0.002612 0.065348 0.017331 0.000750
p_4218b4ee09cb,0.002714 0.001246 0.003465 0.022959 0.001130 0.007047 0.001813 0.013729 0.006835 0.915735 0.001980 0.000151 0.018117 0.002143 0.000937
p_2a2840df77d4,0.039116 0.005321 0.063414 0.041027 0.004120 0.064649 0.011287 0.236187 0.048645 0.218011 0.003310 0.002634 0.246557 0.010167 0.005555
p_9d50327580f8,0.010067 0.013278 0.002382 0.004825 0.002057 0.150852 0.017215 0.018930 0.004180 0.011514 0.005122 0.004209 0.009810 0.743969 0.001590
p_335e8a7cd93f,0.000165 0.012080 0.004942 0.001760 0.000001 0.002707 0.157269 0.008838 0.000226 0.002862 0.020230 0.032965 0.001028 0.754699 0.000228
p_39c365173796,0.002544 0.018185 0.005940 0.008624 0.000239 0.049132 0.020834 0.008215 0.002492 0.009672 0.007260 0.003837 0.007335 0.854868 0.000825
p_178356804454,0.002834 0.039950 0.703658 0.051978 0.001539 0.038987 0.019741 0.024019 0.002354 0.009484 0.007121 0.028775 0.004221 0.062271 0.003067
p_260b00fcec03,0.000866 0.044721 0.000392 0.002616 0.000741 0.812294 0.050380 0.025246 0.021058 0.008691 0.002075 0.000758 0.010040 0.017445 0.002678
p_1c5d4ad01c0a,0.003874 0.064354 0.090533 0.141458 0.415769 0.107406 0.009168 0.002801 0.043523 0.007615 0.004552 0.016584 0.025374 0.064606 0.002382
p_de19c93c0d55,0.006713 0.150282 0.045811 0.050857 0.028337 0.030067 0.199286 0.012765 0.012512 0.012180 0.189604 0.063416 0.002982 0.166185 0.029002
p_96cbe917d170,0.008926 0.003339 0.000751 0.001417 0.000120 0.077339 0.002177 0.123587 0.481218 0.044870 0.000190 0.000160 0.156840 0.098821 0.000245
p_f548c30b8bb1,0.002493 0.137324 0.002932 0.011017 0.001988 0.063737 0.636844 0.008835 0.045640 0.009520 0.021432 0.007635 0.005740 0.036016 0.008848
p_ea4f26976e38,0.003058 0.003551 0.003812 0.001364 0.000206 0.014086 0.004531 0.052490 0.818678 0.032212 0.000147 0.000114 0.065007 0.000246 0.000497
p_d78936e2dfea,0.001933 0.013429 0.029159 0.282958 0.020106 0.027465 0.005593 0.004618 0.035729 0.136562 0.004618 0.002066 0.031366 0.403738 0.000660
p_813b29f44523,0.001171 0.001700 0.000019 0.000181 0.003498 0.873785 0.001456 0.000043 0.000020 0.000136 0.000275 0.000176 0.000078 0.117334 0.000128
p_5d4e493365b3,0.000600 0.056382 0.021631 0.002871 0.000009 0.017179 0.191484 0.001883 0.000675 0.001080 0.018376 0.015376 0.000599 0.670962 0.000893
p_2b5b260c486e,0.001369 0.025926 0.002551 0.010956 0.001585 0.082756 0.025512 0.002262 0.002868 0.006662 0.010348 0.006354 0.011203 0.808514 0.001133
p_b7af26f6266d,0.005162 0.024055 0.019141 0.193503 0.067827 0.090870 0.017267 0.003935 0.007315 0.037876 0.016492 0.006393 0.019433 0.487894 0.002839
p_40f565c81535,0.000545 0.083773 0.001640 0.005847 0.000638 0.023082 0.361062 0.000979 0.003792 0.001744 0.020650 0.029207 0.003040 0.462709 0.001292
p_dbaa2b1e6bfb,0.000866 0.031358 0.000478 0.007400 0.011961 0.454106 0.008793 0.000644 0.000577 0.001721 0.005230 0.002597 0.002132 0.471274 0.000861
p_db5e93f71cad,0.008881 0.044544 0.006836 0.011381 0.001181 0.053117 0.242870 0.116758 0.022612 0.021519 0.033501 0.033726 0.010650 0.387347 0.005075
p_568358f8a7f6,0.003629 0.020250 0.019344 0.084894 0.523094 0.141202 0.011087 0.004222 0.060464 0.010294 0.001887 0.005395 0.009539 0.103811 0.000888
p_447372abafb1,0.069796 0.030425 0.030821 0.016325 0.000157 0.112437 0.031498 0.357148 0.004150 0.093807 0.028022 0.009082 0.047371 0.149027 0.019934
p_e1358110f1b8,0.099721 0.015169 0.203023 0.000949 0.000323 0.002266 0.001812 0.073674 0.112559 0.175017 0.001119 0.000469 0.297713 0.000111 0.016075
p_6d5c1c61b1b4,0.001217 0.010271 0.000188 0.001127 0.001596 0.420607 0.004773 0.000357 0.000404 0.000483 0.000579 0.001194 0.002024 0.555041 0.000140
p_96312deee371,0.002712 0.048088 0.004774 0.019856 0.001800 0.640743 0.081900 0.062489 0.012227 0.061251 0.008928 0.001281 0.010458 0.032294 0.011198
p_2d9b5dcb4a8d,0.000412 0.018618 0.000306 0.001636 0.000288 0.919248 0.025648 0.007403 0.003493 0.002063 0.000837 0.000266 0.003017 0.015625 0.001140
p_c8ba42283562,0.033115 0.049141 0.039105 0.011380 0.002738 0.185831 0.106610 0.039876 0.167557 0.208936 0.011215 0.001860 0.092669 0.004383 0.045584
p_a28386ab444e,0.001014 0.000689 0.000283 0.000814 0.000055 0.030323 0.006661 0.061856 0.131976 0.736103 0.000262 0.000023 0.027341 0.002322 0.000278
p_bdd7140fb03c,0.000938 0.000226 0.002758 0.092692 0.002974 0.001872 0.000332 0.021963 0.002155 0.818130 0.000628 0.000294 0.042938 0.012014 0.000086
p_77be499a4d55,0.006615 0.001080 0.001145 0.038327 0.353479 0.012732 0.000523 0.015271 0.025895 0.468284 0.000433 0.000940 0.033201 0.041807 0.000269
p_b04e310f4786,0.002628 0.003170 0.037118 0.462241 0.012865 0.008642 0.002493 0.025743 0.010485 0.303145 0.003827 0.001256 0.075533 0.050217 0.000636
p_24b6451f70ac,0.006890 0.044243 0.051713 0.036894 0.002162 0.055588 0.035991 0.014193 0.008071 0.017373 0.022512 0.018109 0.015919 0.666055 0.004287
p_318c09f6038e,0.322099 0.030491 0.082722 0.000415 0.000174 0.003688 0.003779 0.062381 0.283143 0.017463 0.001377 0.000982 0.160075 0.000073 0.031138
p_c391e214bf9c,0.045094 0.000992 0.000111 0.000017 0.023303 0.006471 0.000024 0.000956 0.919996 0.000254 0.000002 0.000087 0.002514 0.000167 0.000011
p_11b1e9a444ba,0.007274 0.000498 0.020124 0.010520 0.001517 0.001819 0.000260 0.172580 0.008768 0.693316 0.000386 0.000304 0.080022 0.002288 0.000324
p_9e71d791f2b3,0.001435 0.017156 0.004210 0.003100 0.000718 0.021050 0.032747 0.033820 0.849520 0.010825 0.000294 0.000485 0.023575 0.000270 0.000796
p_00865148ac55,0.585208 0.018077 0.008315 0.000748 0.000591 0.194495 0.019635 0.014545 0.017960 0.015391 0.005845 0.001763 0.023745 0.002879 0.090802
p_4b5967f9c9be,0.020886 0.026312 0.023506 0.043107 0.005529 0.153052 0.035459 0.238328 0.031369 0.290867 0.018777 0.006578 0.030167 0.059167 0.016897
p_38e6179c7939,0.019495 0.000228 0.004784 0.005740 0.000347 0.003684 0.000354 0.199989 0.013075 0.142647 0.000155 0.000141 0.607646 0.001521 0.000193
p_83332dcbd81e,0.110557 0.008095 0.008393 0.007627 0.003361 0.044924 0.014559 0.068882 0.245522 0.267033 0.004631 0.001409 0.194034 0.010538 0.010435
p_1a53f8ed1847,0.007387 0.011497 0.057441 0.063473 0.000848 0.048276 0.011932 0.352126 0.011397 0.350753 0.006628 0.002286 0.052198 0.019529 0.004230
p_34bb64342816,0.000734 0.001077 0.001340 0.001045 0.000063 0.014550 0.001091 0.075792 0.852284 0.013986 0.000017 0.000029 0.037410 0.000540 0.000042
p_e6b47b226783,0.002343 0.005481 0.001097 0.001228 0.002800 0.969072 0.003221 0.001578 0.004464 0.001358 0.000095 0.000235 0.002976 0.003604 0.000446
p_1f657d1ba84c,0.003159 0.026441 0.000240 0.000799 0.000187 0.166296 0.089535 0.008929 0.001523 0.001853 0.003863 0.003101 0.001307 0.691975 0.000791
p_de41568fe20f,0.000266 0.427200 0.018982 0.007707 0.000188 0.323730 0.109714 0.000595 0.001380 0.000190 0.006455 0.017530 0.003339 0.081056 0.001669
p_738847b3f609,0.033963 0.028824 0.142641 0.078142 0.024048 0.092389 0.024427 0.099385 0.021452 0.058909 0.023377 0.023354 0.044307 0.292680 0.012104
p_335ace84405d,0.000317 0.330039 0.000945 0.010133 0.001048 0.361770 0.147603 0.003118 0.000763 0.001267 0.013418 0.016102 0.001988 0.108623 0.002867
p_434dbfdd8484,0.001621 0.454854 0.029263 0.021750 0.001910 0.297137 0.024513 0.017987 0.004561 0.002415 0.015976 0.035871 0.007043 0.075496 0.009603
p_7d8403afc9b7,0.015445 0.012508 0.012755 0.003440 0.000576 0.016506 0.007483 0.699788 0.083008 0.018168 0.001501 0.025128 0.049205 0.053516 0.000973
p_4a91059baa6e,0.000582 0.060072 0.000743 0.003559 0.001310 0.011337 0.047940 0.000116 0.000753 0.003307 0.013796 0.023732 0.001431 0.830885 0.000438
p_c09ccef3ee6c,0.013975 0.006160 0.000397 0.001430 0.001116 0.211402 0.010329 0.015812 0.017003 0.007841 0.000874 0.001259 0.020125 0.691807 0.000471
p_8208cfcfd4ae,0.001400 0.053374 0.003349 0.009058 0.001165 0.225594 0.016448 0.002088 0.001814 0.002790 0.004659 0.004668 0.005714 0.666956 0.000920
p_1d31128967dc,0.052835 0.000298 0.004810 0.003595 0.005014 0.004680 0.000154 0.107882 0.086179 0.113723 0.000099 0.000223 0.618395 0.001869 0.000245
p_9f07424417b4,0.118705 0.000975 0.123434 0.000025 0.000002 0.000072 0.000022 0.040784 0.008734 0.001079 0.000043 0.000193 0.704784 0.000004 0.001145
p_b60fa3f20f7e,0.000414 0.166543 0.123523 0.005551 0.000112 0.218490 0.101211 0.001008 0.004067 0.000196 0.001673 0.014684 0.000620 0.361639 0.000269
p_ed2ca70fc5df,0.013554 0.023642 0.015173 0.022301 0.003597 0.089122 0.031484 0.010875 0.006412 0.016631 0.016080 0.005965 0.012275 0.729637 0.003249
p_e1c3107eb020,0.019468 0.061840 0.007680 0.013051 0.000313 0.106433 0.097478 0.010289 0.005367 0.036541 0.019181 0.002915 0.017869 0.594797 0.006778
p_72a386d61fcb,0.050811 0.004699 0.009547 0.000168 0.000219 0.001566 0.000455 0.010839 0.883224 0.001384 0.000045 0.000174 0.036242 0.000007 0.000619
p_ef139fdd3f44,0.016736 0.020977 0.003160 0.005938 0.000475 0.156024 0.084333 0.017778 0.003550 0.017790 0.010571 0.002292 0.006402 0.651774 0.002200
p_4fb740a0bbf8,0.014020 0.002159 0.009697 0.041155 0.008359 0.030437 0.004862 0.020363 0.023418 0.726475 0.002400 0.000504 0.105892 0.007807 0.002452
p_096fcc51b5d2,0.471798 0.001302 0.003332 0.001230 0.000129 0.024840 0.002811 0.285044 0.012234 0.058479 0.001522 0.000936 0.118940 0.014700 0.002703
p_1f18914cc04e,0.009302 0.000419 0.000362 0.008777 0.026843 0.012511 0.000547 0.022134 0.049095 0.755335 0.000309 0.000300 0.067105 0.046756 0.000206
p_d4b00d12caac,0.000307 0.000010 0.000047 0.000253 0.000036 0.001342 0.000116 0.020419 0.021907 0.931504 0.000008 0.000003 0.021652 0.002393 0.000004
p_07770a5e4df1,0.002466 0.024521 0.042571 0.275168 0.016880 0.036112 0.031432 0.002385 0.002285 0.033073 0.031168 0.016938 0.014484 0.468076 0.002442
p_d4f1959f5583,0.021084 0.026692 0.207505 0.167224 0.048092 0.089596 0.025334 0.114316 0.028001 0.087307 0.018114 0.016525 0.040424 0.098066 0.011718
p_1fc675f551e5,0.015584 0.023601 0.023938 0.106342 0.086119 0.097728 0.017711 0.011291 0.026561 0.046788 0.016332 0.007670 0.031720 0.483862 0.004753
p_1b8e37b1c7ff,0.107245 0.002762 0.014013 0.020629 0.013856 0.016779 0.002549 0.027267 0.098606 0.119291 0.001149 0.000927 0.550518 0.022695 0.001715
p_7d74c9072ffa,0.002563 0.154885 0.007599 0.022552 0.011330 0.467853 0.016257 0.005182 0.004695 0.003646 0.011638 0.012215 0.009921 0.265017 0.004645
p_369d4d6c63e6,0.001577 0.059777 0.089934 0.204557 0.006244 0.118042 0.262657 0.070693 0.022223 0.046452 0.034294 0.010105 0.007893 0.055786 0.009766
p_3f9e1c377e5a,0.000881 0.009865 0.000510 0.001032 0.000012 0.003479 0.231674 0.032097 0.009392 0.018190 0.011314 0.025046 0.006148 0.649747 0.000614
p_008e96a0d875,0.003390 0.029075 0.003280 0.006970 0.001094 0.402736 0.027635 0.039697 0.297539 0.092806 0.000966 0.000289 0.078533 0.014018 0.001974
p_3f1401b141ea,0.051776 0.022452 0.000351 0.000411 0.000085 0.344620 0.034465 0.152477 0.106863 0.031175 0.001065 0.000795 0.050159 0.202197 0.001110
p_edf7fd853cd7,0.050362 0.000143 0.003872 0.001477 0.000169 0.003646 0.000240 0.131396 0.011431 0.060629 0.000070 0.000084 0.735734 0.000550 0.000198
p_5ba8d4f6b58d,0.002593 0.058811 0.038645 0.039158 0.001006 0.042422 0.147491 0.011913 0.004935 0.011274 0.044371 0.018416 0.005121 0.570940 0.002904
p_7967de66264f,0.007229 0.086533 0.120374 0.232480 0.063743 0.041855 0.072265 0.022310 0.009112 0.066590 0.118623 0.029622 0.005554 0.100478 0.023233
p_6bd3e7d72867,0.239901 0.041002 0.316578 0.005959 0.002063 0.004420 0.006263 0.070915 0.027342 0.096363 0.012671 0.005554 0.093763 0.001199 0.076006
p_9d81e08d94fd,0.028126 0.024429 0.005057 0.018481 0.059511 0.377409 0.024174 0.004945 0.014094 0.017353 0.008536 0.004300 0.012079 0.396294 0.005213
p_37dbcb36f46d,0.015682 0.022309 0.004171 0.016781 0.007080 0.169049 0.060335 0.003976 0.002680 0.011392 0.013189 0.004924 0.005841 0.659523 0.003069
p_42036a8bbafa,0.000342 0.028368 0.000197 0.003791 0.006595 0.707031 0.004547 0.000174 0.000064 0.000354 0.007631 0.002112 0.000586 0.237289 0.000921
p_1cfcc6744dab,0.010465 0.004881 0.105585 0.039900 0.003381 0.006212 0.001835 0.061287 0.002337 0.737214 0.004510 0.000937 0.012859 0.004354 0.004245
p_d41590fddabe,0.013752 0.027732 0.014037 0.011803 0.000707 0.061033 0.030930 0.014507 0.010185 0.018096 0.012737 0.003087 0.010900 0.767887 0.002607
p_c0b5d30eeea6,0.002964 0.000625 0.000150 0.001368 0.001051 0.027349 0.003031 0.018469 0.066542 0.066153 0.000320 0.000360 0.067590 0.743890 0.000139
p_c6db99851790,0.046913 0.023448 0.170826 0.074011 0.009368 0.050450 0.029382 0.079538 0.040565 0.306020 0.019736 0.003748 0.093788 0.021549 0.030657
p_c11543884d16,0.104151 0.032068 0.155588 0.002340 0.000678 0.005180 0.006678 0.143614 0.089085 0.300489 0.004126 0.001315 0.125018 0.000457 0.029213
p_dd0c02c161ad,0.055651 0.012399 0.808258 0.001170 0.000067 0.002211 0.001136 0.013001 0.000788 0.009214 0.002379 0.001063 0.027255 0.000091 0.065317
p_802667f07ec7,0.006655 0.074032 0.023535 0.022889 0.003476 0.054136 0.226922 0.106253 0.033225 0.014843 0.044266 0.086509 0.010147 0.285460 0.007652
p_1c1a054a4b82,0.002192 0.015417 0.000423 0.008241 0.002673 0.054319 0.060420 0.002715 0.001521 0.013988 0.013248 0.004498 0.004334 0.814755 0.001254
p_c7f273232935,0.013893 0.078595 0.017122 0.022430 0.008128 0.208388 0.093470 0.063149 0.215423 0.104172 0.021143 0.004891 0.089846 0.032779 0.026571
p_a622e4c94861,0.000560 0.002234 0.001949 0.002724 0.000467 0.009372 0.002582 0.123066 0.403520 0.442315 0.000059 0.000120 0.009861 0.001109 0.000062
p_8afbc4cddb54,0.028901 0.039754 0.005182 0.005362 0.013921 0.590205 0.032241 0.003180 0.001348 0.002338 0.022748 0.012121 0.001853 0.220975 0.019872
p_c8d27bad58fe,0.001118 0.001046 0.003890 0.001148 0.000009 0.004070 0.001132 0.920764 0.003473 0.037052 0.000283 0.001198 0.021153 0.003555 0.000110
p_3c7e8fa5a6d0,0.000309 0.001975 0.000614 0.011981 0.954587 0.004132 0.000259 0.000232 0.005671 0.005252 0.000214 0.001119 0.001179 0.012422 0.000055
p_871bdf288e01,0.017624 0.013103 0.269691 0.049043 0.003828 0.017598 0.007554 0.098827 0.004164 0.461456 0.011797 0.002035 0.018519 0.004095 0.020665
p_aef849801479,0.003772 0.003052 0.000498 0.002017 0.000452 0.083138 0.007756 0.121676 0.216066 0.031795 0.000393 0.000557 0.081770 0.446816 0.000240
p_075844039449,0.011613 0.026972 0.003012 0.003117 0.001513 0.019270 0.036530 0.354634 0.468897 0.015062 0.002539 0.013032 0.024219 0.017723 0.001868
p_bd116f3678e0,0.001719 0.073111 0.005643 0.020315 0.001344 0.113680 0.094429 0.007923 0.001459 0.008822 0.033440 0.012338 0.002894 0.619371 0.003511
p_f58ddff061e8,0.000997 0.013524 0.213608 0.449566 0.003833 0.017061 0.007698 0.003035 0.000651 0.037319 0.015474 0.005390 0.006893 0.223859 0.001093
p_4a672cf28f76,0.002207 0.110162 0.008189 0.009136 0.002135 0.044946 0.395163 0.026597 0.361208 0.013026 0.003840 0.003788 0.011910 0.002359 0.005332
p_9f88def5fdd5,0.000704 0.060262 0.347459 0.102608 0.044067 0.312069 0.017624 0.002942 0.005721 0.001393 0.001628 0.013052 0.001625 0.088540 0.000306
p_f2f69500b960,0.003287 0.098059 0.002242 0.014085 0.002970 0.382938 0.113528 0.163259 0.102065 0.011396 0.002400 0.007430 0.016141 0.078524 0.001676
p_e73f61dff062,0.002199 0.088253 0.034933 0.015654 0.001106 0.230030 0.091410 0.005680 0.006124 0.002840 0.021190 0.009834 0.003769 0.482241 0.004737
p_ae860a6133bf,0.001237 0.000111 0.000222 0.001165 0.000298 0.004745 0.000607 0.074014 0.028675 0.867134 0.000070 0.000047 0.014362 0.007273 0.000039
p_dd179737fd2f,0.000758 0.000065 0.000057 0.000350 0.000017 0.004142 0.000562 0.049324 0.021193 0.893281 0.000068 0.000009 0.023254 0.006894 0.000026
p_944e14dd2cd4,0.000667 0.044415 0.003754 0.016478 0.002823 0.064247 0.001482 0.003575 0.044873 0.044895 0.001161 0.000916 0.014885 0.755646 0.000184
p_b6d675fe6e4b,0.013137 0.005094 0.044407 0.221759 0.018836 0.062428 0.010072 0.076863 0.020178 0.221326 0.003114 0.001995 0.273835 0.024941 0.002015
p_a727c4522c52,0.010075 0.117179 0.004073 0.006982 0.001911 0.575088 0.046611 0.012012 0.010867 0.005422 0.011060 0.004818 0.009890 0.174538 0.009474
p_f5965933a6ec,0.019457 0.001470 0.002486 0.005278 0.002126 0.030644 0.002861 0.109586 0.276849 0.264171 0.001174 0.000579 0.171899 0.110446 0.000973
p_82d12702cf5d,0.957827 0.000018 0.000062 0.000001 0.000004 0.000170 0.000006 0.001991 0.010173 0.001321 0.000002 0.000003 0.028364 0.000003 0.000052
p_ba0f86aeab36,0.017728 0.003644 0.003172 0.005169 0.001153 0.049236 0.006181 0.205477 0.330604 0.068558 0.000709 0.001063 0.144008 0.162705 0.000593
p_97cc608564fd,0.001847 0.030349 0.014266 0.020385 0.000418 0.022814 0.072768 0.017513 0.001939 0.014475 0.029835 0.047097 0.007817 0.716501 0.001977
p_cfbc4187b07f,0.016451 0.101564 0.006082 0.005526 0.000766 0.466882 0.090997 0.115424 0.051445 0.057377 0.011722 0.002842 0.024212 0.016539 0.032170
p_f25dbfc5b614,0.002795 0.002094 0.000061 0.000071 0.000041 0.004428 0.006565 0.088327 0.418921 0.044806 0.000182 0.001222 0.029876 0.400519 0.000094
p_891f30f0603c,0.020632 0.167764 0.017434 0.010244 0.001273 0.067387 0.355850 0.067518 0.119079 0.053857 0.029627 0.007747 0.023858 0.012212 0.045518
p_4e1a748f32e2,0.002941 0.000872 0.001021 0.002680 0.000431 0.022989 0.006201 0.073148 0.469589 0.300243 0.000196 0.000098 0.088752 0.030657 0.000184
p_d973befe9a18,0.005071 0.022782 0.002257 0.006881 0.059352 0.709757 0.007970 0.003509 0.022566 0.001384 0.000395 0.002386 0.006894 0.148483 0.000315
p_40e82f7e3107,0.002898 0.139078 0.027195 0.088231 0.005531 0.115751 0.073648 0.007349 0.002239 0.015827 0.069084 0.031059 0.005917 0.408773 0.007421
p_f4eaa7ea4916,0.016534 0.002188 0.004373 0.003538 0.000332 0.017026 0.006190 0.171452 0.311066 0.182688 0.000821 0.000442 0.246554 0.036044 0.000753
p_5f733f9e8bf7,0.003465 0.039112 0.003892 0.004384 0.000690 0.070547 0.098329 0.007085 0.002407 0.003505 0.021432 0.011734 0.001828 0.729399 0.002192
p_5d341940a635,0.158739 0.011887 0.006276 0.004583 0.004288 0.511416 0.034923 0.020893 0.014487 0.095578 0.009321 0.001575 0.024854 0.067874 0.033306
p_6cfc86ce81d7,0.011853 0.000281 0.007703 0.008318 0.000790 0.001930 0.000242 0.130789 0.011075 0.260614 0.000287 0.000310 0.562601 0.002912 0.000294
p_e176df0a9236,0.016687 0.161204 0.095231 0.018534 0.023218 0.067992 0.037095 0.047235 0.051411 0.003459 0.008378 0.350729 0.027438 0.082697 0.008695
p_f98f4b2b53e0,0.000576 0.134449 0.001762 0.012506 0.002506 0.397490 0.082670 0.001015 0.000587 0.000844 0.011447 0.012199 0.002291 0.338005 0.001653
p_1c4ae89ecec5,0.164563 0.000614 0.000337 0.000062 0.000009 0.011411 0.001436 0.612622 0.006742 0.012864 0.000230 0.000916 0.039703 0.148380 0.000111
p_1f7cb59de47c,0.031758 0.000396 0.011719 0.005764 0.000586 0.008677 0.000531 0.175241 0.012101 0.065037 0.000140 0.000228 0.686356 0.001156 0.000312
p_731d7a9ae9ba,0.035113 0.018598 0.054873 0.074588 0.001790 0.188203 0.147003 0.111452 0.023180 0.096595 0.011973 0.004387 0.150489 0.077031 0.004725
p_87f52b6bb921,0.002726 0.002286 0.010912 0.040782 0.004632 0.013504 0.003104 0.057709 0.062949 0.772139 0.000938 0.000490 0.021935 0.005336 0.000558
p_83b56586f6f4,0.001367 0.135151 0.004584 0.030297 0.002703 0.084575 0.210968 0.008716 0.004294 0.011363 0.045358 0.029072 0.004447 0.422025 0.005079
p_8173f04c7a77,0.003465 0.001095 0.000718 0.000975 0.000016 0.010952 0.006464 0.632562 0.027349 0.098534 0.000481 0.000600 0.063432 0.153210 0.000145
p_f9d49fbf130c,0.030857 0.021458 0.044126 0.091250 0.042043 0.078203 0.052606 0.082056 0.079260 0.184826 0.026381 0.012541 0.064023 0.176019 0.014350
p_134016b99f83,0.002015 0.108630 0.012272 0.034822 0.004431 0.153642 0.021720 0.004599 0.001283 0.007349 0.044105 0.017354 0.005288 0.577579 0.004910
p_c95a147ec309,0.000462 0.030574 0.000161 0.001161 0.000792 0.931833 0.008503 0.003078 0.002626 0.001154 0.000376 0.000379 0.002180 0.016175 0.000546
p_114ff1afdb74,0.000802 0.012344 0.000702 0.004985 0.000610 0.011633 0.078474 0.001789 0.001185 0.008569 0.015228 0.017154 0.003789 0.842027 0.000712
p_9b1a02c549b4,0.025493 0.002698 0.089174 0.044274 0.036432 0.009995 0.000958 0.094371 0.061288 0.142778 0.000938 0.001614 0.483013 0.005531 0.001441
p_d4abe60e6c56,0.002269 0.218711 0.002070 0.000880 0.000015 0.113245 0.165738 0.300113 0.138209 0.022695 0.002832 0.000995 0.021125 0.000498 0.010603
p_667ce086c537,0.000694 0.049967 0.001227 0.005753 0.001187 0.841838 0.046484 0.009422 0.005584 0.002719 0.001564 0.000952 0.003918 0.027048 0.001644
p_027f6de88a85,0.228117 0.000244 0.000040 0.000027 0.000003 0.017267 0.001688 0.424518 0.004683 0.011559 0.000131 0.000270 0.031883 0.279495 0.000076
p_e81743c10d69,0.000380 0.001260 0.000200 0.015763 0.915271 0.004294 0.000490 0.000305 0.007923 0.022014 0.000255 0.000815 0.001180 0.029797 0.000053
p_d64dd31ae77f,0.013212 0.000080 0.001595 0.001350 0.000069 0.000711 0.000126 0.107014 0.006156 0.042985 0.000085 0.000138 0.823839 0.002570 0.000070
p_47c5346ac813,0.011116 0.010453 0.001845 0.010944 0.016842 0.092303 0.030106 0.074204 0.247136 0.104440 0.004880 0.003157 0.050807 0.338786 0.002983
p_b8acd7cf3566,0.001992 0.006423 0.000786 0.001955 0.000272 0.031613 0.019391 0.219222 0.679219 0.007719 0.000208 0.000655 0.023219 0.007111 0.000217
p_7c771909af5f,0.001620 0.004845 0.002673 0.036792 0.780528 0.024449 0.001805 0.001516 0.063015 0.020033 0.000478 0.001552 0.005455 0.055016 0.000224
p_fda9cd4702e4,0.128459 0.032349 0.231703 0.015706 0.004361 0.029660 0.035149 0.045851 0.041712 0.177306 0.020706 0.003963 0.110415 0.003039 0.119620
p_ee27e006982d,0.018665 0.002422 0.011888 0.013530 0.000203 0.016557 0.006740 0.533368 0.019535 0.181115 0.002245 0.001658 0.180762 0.010188 0.001124
p_c71f509e6c69,0.056445 0.001429 0.017110 0.013839 0.001931 0.015705 0.001996 0.281520 0.038643 0.177899 0.001151 0.001178 0.383292 0.006386 0.001477
p_8b418ebb273a,0.006444 0.000243 0.000453 0.004409 0.002645 0.007435 0.000438 0.040488 0.013702 0.882754 0.000288 0.000133 0.029971 0.010441 0.000157
p_80deaab8544c,0.005991 0.009983 0.001083 0.000811 0.000404 0.008716 0.008555 0.179934 0.734242 0.012680 0.000473 0.002732 0.026641 0.007438 0.000319
p_89a037778376,0.004716 0.016063 0.295481 0.207289 0.004804 0.039916 0.008940 0.037149 0.006103 0.047430 0.007998 0.006340 0.046377 0.269565 0.001831
p_a36323bf8849,0.001635 0.052878 0.000867 0.003968 0.002708 0.832825 0.015711 0.003637 0.004448 0.002423 0.001525 0.001149 0.003887 0.070878 0.001461
p_6f7be5d0f982,0.000674 0.000013 0.000028 0.000642 0.000102 0.001655 0.000280 0.005164 0.004964 0.971742 0.000033 0.000005 0.013317 0.001363 0.000016
p_6e10f95185be,0.018152 0.008114 0.012616 0.022447 0.003729 0.054562 0.008074 0.184852 0.079194 0.324743 0.005363 0.001598 0.089739 0.184492 0.002325
p_5585b2bf00e3,0.010610 0.003237 0.009196 0.028631 0.007003 0.028966 0.003321 0.082765 0.011958 0.758862 0.006363 0.000940 0.031181 0.013179 0.003789
p_9236774927ab,0.059355 0.000576 0.003329 0.009368 0.000834 0.011546 0.001722 0.109492 0.019176 0.257577 0.000831 0.000450 0.517279 0.007528 0.000936
p_061c4ac6bcf3,0.014092 0.024290 0.002529 0.007677 0.004804 0.050674 0.094256 0.326107 0.316074 0.026248 0.004638 0.016662 0.017065 0.092614 0.002271
p_b594f4db4027,0.029884 0.034581 0.004322 0.010206 0.004238 0.073058 0.121101 0.041944 0.025834 0.019189 0.019963 0.024772 0.020713 0.563808 0.006387
p_060bb7859860,0.017702 0.105979 0.024184 0.037439 0.041189 0.349705 0.024055 0.026265 0.168776 0.011099 0.007956 0.011746 0.092256 0.071273 0.010376
p_7a17eb3864e4,0.022342 0.066906 0.453658 0.009494 0.000011 0.013787 0.011920 0.086329 0.000964 0.008750 0.017460 0.037403 0.046435 0.217668 0.006875
p_a263f015dbc9,0.001537 0.128996 0.059930 0.044039 0.005090 0.058200 0.291266 0.003972 0.003721 0.003258 0.094560 0.037066 0.001211 0.260071 0.007081
p_2f7a85fdcbca,0.025311 0.003887 0.014542 0.094594 0.140143 0.044678 0.002584 0.089516 0.029693 0.423736 0.002021 0.002569 0.068300 0.056914 0.001510
p_65f62d3d22b9,0.005578 0.063654 0.082939 0.045558 0.058440 0.605701 0.035872 0.008285 0.009610 0.002883 0.007093 0.024466 0.008132 0.033609 0.008180
p_f19319df4992,0.008938 0.044533 0.024917 0.078963 0.015034 0.018330 0.014352 0.024865 0.000995 0.516415 0.170962 0.008282 0.004975 0.040607 0.027832
p_afb87dbf2ca9,0.014053 0.033128 0.036335 0.019349 0.000105 0.037847 0.058134 0.013099 0.006038 0.027677 0.015173 0.007115 0.092898 0.635464 0.003585
p_6d16ac541bef,0.004639 0.011068 0.022969 0.130619 0.629262 0.041646 0.005824 0.005471 0.022521 0.025522 0.004122 0.007226 0.011193 0.076487 0.001431
p_33cc95debc4a,0.076106 0.026501 0.347813 0.031352 0.002951 0.023279 0.009733 0.053928 0.009378 0.139028 0.028491 0.005261 0.138215 0.005250 0.102713
p_6a6ffae9e503,0.002391 0.048981 0.000272 0.000870 0.000217 0.113551 0.182521 0.010458 0.003168 0.001096 0.007013 0.009357 0.001543 0.617459 0.001102
p_50b03da32ed4,0.000104 0.000033 0.000032 0.000620 0.000785 0.000787 0.000082 0.002665 0.029921 0.958473 0.000012 0.000008 0.002211 0.004262 0.000005
p_72da82ebbda1,0.020455 0.057924 0.032000 0.046894 0.037467 0.340942 0.022719 0.021573 0.033422 0.016388 0.017225 0.015097 0.038346 0.287663 0.011885
p_685362b77b28,0.023948 0.052155 0.047615 0.070345 0.195585 0.193495 0.019403 0.055376 0.109767 0.034171 0.014279 0.027659 0.051705 0.090424 0.014072
p_da04535c8ac9,0.002204 0.000024 0.003907 0.000676 0.000007 0.000140 0.000007 0.027013 0.000643 0.005467 0.000005 0.000015 0.959698 0.000188 0.000008
p_9c210d0e01fe,0.000378 0.047136 0.019912 0.048632 0.004983 0.713951 0.033720 0.045530 0.055649 0.004863 0.000745 0.001589 0.016386 0.005553 0.000974
p_5a1279830f59,0.002856 0.000845 0.019084 0.004542 0.000019 0.004573 0.000513 0.713320 0.001404 0.194630 0.000374 0.000345 0.052384 0.004896 0.000216
p_57c7c06f83c5,0.004222 0.028729 0.000379 0.002203 0.004093 0.632817 0.022483 0.003986 0.002427 0.003521 0.003123 0.001639 0.001781 0.286909 0.001688
p_797b9fdb7c88,0.010847 0.007043 0.000581 0.001669 0.003139 0.207545 0.007796 0.004316 0.004345 0.002940 0.001031 0.002656 0.008432 0.737248 0.000412
p_41a2d69907de,0.003591 0.015782 0.006935 0.011580 0.001209 0.018750 0.023394 0.029846 0.109333 0.071492 0.005567 0.006827 0.012430 0.682286 0.000979
p_1893ad6f2f53,0.000135 0.160067 0.055643 0.077630 0.003813 0.586644 0.015924 0.043419 0.029422 0.000590 0.000532 0.004470 0.019452 0.001500 0.000759
p_b8c8969b51bd,0.005739 0.001866 0.000165 0.000138 0.000008 0.027932 0.002238 0.351084 0.519883 0.023157 0.000048 0.000049 0.061368 0.006265 0.000061
p_cf7ea1b1571c,0.192883 0.019117 0.476458 0.000450 0.000119 0.001261 0.000647 0.022089 0.032678 0.003886 0.001013 0.001644 0.216018 0.000034 0.031703
p_a43d3d54430d,0.002336 0.048315 0.002038 0.007273 0.001043 0.619258 0.063292 0.033206 0.012796 0.014095 0.017528 0.001615 0.008122 0.157955 0.011128
p_cffe6379e707,0.000610 0.004079 0.000222 0.001284 0.000529 0.006551 0.007069 0.000837 0.005696 0.016024 0.001197 0.003923 0.010054 0.941811 0.000113
p_287a21fc9e21,0.000430 0.085266 0.132969 0.209394 0.012117 0.092737 0.095680 0.002906 0.003768 0.006633 0.019863 0.010605 0.001794 0.324949 0.000888
p_351f8493c4b2,0.016602 0.000671 0.025564 0.007629 0.001091 0.001583 0.000249 0.078321 0.019861 0.099589 0.000326 0.000451 0.744542 0.003040 0.000480
p_8844494040ff,0.000737 0.001314 0.000026 0.000056 0.000004 0.001888 0.004333 0.009125 0.010125 0.039579 0.000297 0.000841 0.013065 0.918581 0.000030
p_51cfe6301b90,0.002702 0.288794 0.022192 0.017602 0.005228 0.097207 0.060890 0.001023 0.004234 0.001977 0.034181 0.051526 0.004802 0.402520 0.005122
p_58ffd80b7a30,0.083340 0.052897 0.120081 0.022197 0.051861 0.404250 0.030330 0.007093 0.007382 0.003416 0.022153 0.037147 0.006174 0.120551 0.031127
p_107eafc03b32,0.000053 0.003325 0.000754 0.001095 0.000002 0.003415 0.002238 0.000457 0.001512 0.007521 0.000332 0.000220 0.001631 0.977432 0.000013
p_5f1b9891ab43,0.001713 0.045758 0.049476 0.007439 0.000038 0.024019 0.090912 0.002009 0.001427 0.002849 0.021859 0.005109 0.001129 0.745018 0.001245
p_ded8e143e969,0.001315 0.173627 0.012028 0.012102 0.001277 0.052850 0.361165 0.015109 0.007145 0.002029 0.022603 0.192940 0.003696 0.138158 0.003954
p_af16739265f3,0.000159 0.000135 0.000009 0.000086 0.000019 0.004260 0.000177 0.000303 0.000135 0.004720 0.000036 0.000148 0.004739 0.985071 0.000002
p_0b9012ec97ed,0.007799 0.023500 0.000654 0.002200 0.001130 0.156339 0.051757 0.016289 0.019579 0.004228 0.002058 0.005376 0.013141 0.695209 0.000743
p_aa4145e61df0,0.002432 0.017304 0.001146 0.005048 0.011209 0.877597 0.015360 0.004238 0.006347 0.003755 0.001124 0.001322 0.003597 0.048222 0.001299
p_ed65a18bae0a,0.029878 0.024462 0.014027 0.025539 0.070852 0.318778 0.035788 0.006394 0.012004 0.011243 0.009874 0.008012 0.008595 0.420666 0.003889
p_009d0358dd8c,0.000096 0.000003 0.000011 0.000181 0.000025 0.000300 0.000066 0.001901 0.003099 0.988975 0.000008 0.000001 0.004866 0.000466 0.000003
p_2873c3dbaaa2,0.159364 0.011477 0.010368 0.031534 0.012277 0.245625 0.061937 0.023734 0.014998 0.058834 0.009580 0.004226 0.070821 0.279692 0.005534
p_9101f67e1e56,0.603954 0.007543 0.006169 0.002852 0.003971 0.246896 0.016320 0.010361 0.012220 0.019740 0.002943 0.001509 0.020439 0.034323 0.010758
p_d1e0057b4299,0.072247 0.019099 0.146103 0.066606 0.053242 0.073870 0.015680 0.047323 0.195550 0.102196 0.008158 0.005707 0.157898 0.020854 0.015467
p_28dc9d92d5af,0.075711 0.000074 0.001137 0.000116 0.000296 0.000402 0.000011 0.027474 0.108876 0.024057 0.000008 0.000022 0.761675 0.000082 0.000057
p_10929f7563e3,0.000064 0.001128 0.012296 0.278213 0.000537 0.001463 0.000803 0.000854 0.000470 0.512712 0.001966 0.000396 0.001913 0.187148 0.000036
p_419503d9681a,0.001630 0.000123 0.000102 0.001913 0.001533 0.005068 0.001170 0.015904 0.020532 0.930241 0.000142 0.000060 0.009160 0.012350 0.000070
p_a79dd553cc4e,0.000264 0.000006 0.000017 0.000223 0.000021 0.000502 0.000075 0.004755 0.003135 0.978748 0.000016 0.000002 0.011484 0.000747 0.000006
p_b01871d7b2e6,0.001358 0.015079 0.000179 0.000847 0.001524 0.866181 0.004683 0.000678 0.000068 0.000401 0.005086 0.001619 0.000296 0.098906 0.003097
p_bf86643e1b5d,0.004309 0.026016 0.485103 0.183945 0.005838 0.046034 0.011353 0.030243 0.003799 0.022686 0.009293 0.008628 0.016290 0.143677 0.002785
p_e0e19647af6e,0.201626 0.000348 0.006645 0.001309 0.005421 0.008846 0.000166 0.074246 0.151306 0.053739 0.000059 0.000192 0.495145 0.000647 0.000307
p_315a070c40cd,0.000156 0.180341 0.039154 0.001506 0.000002 0.109169 0.031461 0.000130 0.000211 0.000169 0.003249 0.002754 0.000673 0.630684 0.000338
p_3db33042dc32,0.005370 0.096691 0.029859 0.010226 0.000096 0.020531 0.070122 0.017721 0.007115 0.014702 0.040722 0.018122 0.004154 0.660117 0.004452
p_e27ba0bbad12,0.014192 0.073315 0.015107 0.019332 0.210083 0.451308 0.007119 0.004052 0.099527 0.002291 0.001210 0.010834 0.034059 0.055912 0.001660
p_0a193a6d2eed,0.003605 0.000060 0.000171 0.001162 0.000296 0.004286 0.000151 0.041685 0.014343 0.886062 0.000073 0.000024 0.042925 0.005117 0.000040
p_36db0558ec16,0.000804 0.011062 0.008420 0.014911 0.000224 0.025482 0.015101 0.002223 0.000879 0.007928 0.004677 0.005966 0.006787 0.895196 0.000342
p_8d24d29d3dab,0.001411 0.000161 0.000270 0.002031 0.000716 0.006015 0.001138 0.045330 0.045685 0.870473 0.000120 0.000066 0.014810 0.011710 0.000065
p_fe4fe26570dd,0.440689 0.004245 0.006588 0.003274 0.006004 0.435555 0.009363 0.004304 0.005998 0.018682 0.001209 0.000754 0.025008 0.033033 0.005293
p_c5354be0ae48,0.000120 0.001111 0.000410 0.000456 0.000037 0.010053 0.000540 0.038013 0.935468 0.001496 0.000002 0.000012 0.012173 0.000103 0.000007
p_00d1f1212ab4,0.000592 0.001313 0.000828 0.001392 0.000222 0.017029 0.001260 0.054330 0.873419 0.012642 0.000023 0.000055 0.032410 0.004443 0.000040
p_a34542cce911,0.012223 0.028781 0.008748 0.014765 0.322233 0.244664 0.005073 0.005280 0.239463 0.003909 0.000606 0.003726 0.019786 0.090183 0.000560
p_e43eae34496f,0.003236 0.085438 0.020383 0.029841 0.001228 0.137332 0.101065 0.040486 0.009890 0.020008 0.064461 0.007916 0.007725 0.457386 0.013604
p_d3d3fd575dff,0.005842 0.003448 0.000569 0.009764 0.477853 0.035942 0.002270 0.005461 0.135444 0.120232 0.000511 0.001489 0.020107 0.180666 0.000403
p_e075d02a1806,0.024637 0.084668 0.012239 0.010546 0.426633 0.070639 0.004616 0.004034 0.276533 0.004162 0.002310 0.021554 0.022328 0.032947 0.002153
p_88082b7c8b1f,0.000161 0.000226 0.007078 0.000559 0.000000 0.001753 0.001072 0.951869 0.000283 0.013578 0.000061 0.000222 0.022738 0.000385 0.000015
p_3221cf41a69f,0.000408 0.004963 0.002231 0.021749 0.887629 0.023016 0.000659 0.000368 0.033983 0.003433 0.000115 0.000885 0.003353 0.017155 0.000054
p_c048cda73b79,0.004101 0.132645 0.016289 0.040529 0.033216 0.501576 0.025872 0.009827 0.023231 0.006234 0.009009 0.011489 0.017908 0.162679 0.005395
p_e0ca69c0fe70,0.000652 0.006415 0.111025 0.637037 0.001555 0.010899 0.016690 0.032027 0.001079 0.126919 0.009897 0.001413 0.018329 0.025305 0.000758
p_a07584c673ea,0.002938 0.059290 0.050862 0.051311 0.715982 0.014559 0.007302 0.001835 0.014590 0.002340 0.012425 0.044974 0.013580 0.002682 0.005330
p_ae5d8e4167ac,0.069082 0.000536 0.019165 0.001096 0.000896 0.001698 0.000113 0.017552 0.037158 0.024560 0.000094 0.000148 0.826931 0.000159 0.000812
p_cbf71c37a8ca,0.344646 0.008662 0.006913 0.006825 0.002924 0.073757 0.014060 0.104804 0.073991 0.129922 0.008217 0.002970 0.142135 0.067173 0.013003
p_0c0fa5885100,0.016509 0.000607 0.068363 0.006456 0.000547 0.003745 0.000539 0.319834 0.007846 0.064978 0.000237 0.000510 0.508107 0.001292 0.000431
p_72ea13ef17c4,0.001363 0.077407 0.000514 0.005046 0.003468 0.655760 0.026856 0.006857 0.002310 0.006751 0.015968 0.002603 0.003155 0.186416 0.005526
p_a0a88d2a8ff3,0.000092 0.016034 0.001353 0.004262 0.000029 0.099965 0.001963 0.000138 0.000006 0.000647 0.005864 0.002016 0.000579 0.866942 0.000111
p_f265a5e92a61,0.010485 0.086341 0.027752 0.062007 0.197444 0.253275 0.030959 0.005910 0.043939 0.006876 0.011754 0.022066 0.020689 0.214952 0.005552
p_29454de857e0,0.037132 0.039469 0.195798 0.134308 0.034527 0.104497 0.064312 0.069026 0.027757 0.052384 0.038527 0.034091 0.058092 0.080907 0.029174
p_1674d276309c,0.000244 0.004106 0.014654 0.012932 0.000011 0.006657 0.009438 0.001630 0.000257 0.008411 0.003599 0.002200 0.004028 0.931747 0.000087
p_8c6f941c0bd3,0.008939 0.154171 0.002208 0.004117 0.000220 0.169655 0.251716 0.015466 0.003193 0.004314 0.053908 0.013724 0.003833 0.296593 0.017943
p_1ff676deea0e,0.008272 0.016110 0.001127 0.005929 0.000637 0.062908 0.164934 0.013578 0.002219 0.013823 0.018716 0.006153 0.004956 0.678312 0.002325
p_04fe0e33a867,0.005244 0.008322 0.044886 0.128040 0.012727 0.035821 0.014750 0.103893 0.065749 0.526581 0.004831 0.002225 0.024725 0.019626 0.002581
p_a2484c3e1e65,0.023911 0.029622 0.543014 0.095474 0.010142 0.023294 0.039615 0.030592 0.008391 0.075489 0.033786 0.008173 0.022821 0.011503 0.044172
p_8ee5f89a5d57,0.052578 0.023946 0.012981 0.020622 0.001249 0.171159 0.182732 0.079947 0.011716 0.049206 0.022407 0.007506 0.028736 0.328631 0.006585
p_85f613cfdce2,0.001938 0.158692 0.029266 0.030884 0.001256 0.217542 0.242213 0.039041 0.007763 0.005758 0.039415 0.042121 0.006287 0.166796 0.011028
p_ba425411ead0,0.000404 0.215758 0.002478 0.008974 0.000731 0.419965 0.170678 0.001935 0.000860 0.000521 0.014625 0.017946 0.002328 0.139849 0.002948
p_7161c02f374a,0.001769 0.014993 0.012849 0.050758 0.001954 0.031872 0.005560 0.005687 0.013064 0.056763 0.004556 0.001721 0.015813 0.782063 0.000578
p_56f23da870d3,0.004487 0.069754 0.005944 0.043380 0.019912 0.399942 0.056109 0.018889 0.048581 0.132856 0.019149 0.002638 0.036481 0.132727 0.009152
p_b083230b7957,0.034038 0.155365 0.028656 0.016415 0.000694 0.048183 0.321603 0.024982 0.125573 0.034013 0.026040 0.010951 0.069450 0.087152 0.016887
p_bb1c090ad80a,0.000666 0.000067 0.000117 0.001051 0.000249 0.006724 0.000885 0.028389 0.069173 0.871153 0.000037 0.000015 0.014380 0.007069 0.000024
p_820f79e652be,0.000837 0.000039 0.000177 0.000701 0.000125 0.000602 0.000150 0.011610 0.004034 0.964693 0.000098 0.000015 0.016103 0.000776 0.000042
p_bfaccf3a6ff7,0.000705 0.082014 0.041685 0.170432 0.046673 0.236622 0.132863 0.005300 0.005598 0.008841 0.016087 0.014740 0.003931 0.232499 0.002012
p_603d9aae96f6,0.000874 0.112933 0.004478 0.010798 0.000581 0.698584 0.069985 0.013276 0.003440 0.002011 0.008085 0.005020 0.005329 0.058818 0.005787
p_c4bb5461e2ac,0.000193 0.144467 0.000479 0.006996 0.000698 0.077934 0.272549 0.000673 0.000160 0.000942 0.043039 0.033258 0.000650 0.416401 0.001560
p_2f0974c047d9,0.000635 0.008187 0.003008 0.035622 0.852145 0.022753 0.001925 0.000472 0.018026 0.003534 0.000770 0.002842 0.003819 0.046053 0.000209
p_be062ad922e2,0.000302 0.000364 0.002594 0.062400 0.003001 0.001291 0.000310 0.004693 0.001087 0.911607 0.000951 0.000294 0.001867 0.009153 0.000085
p_df526afc5660,0.003631 0.047186 0.006176 0.070910 0.007313 0.122551 0.070444 0.035491 0.034031 0.513195 0.024995 0.002590 0.025864 0.027013 0.008609
p_2509609312ea,0.000295 0.258250 0.002367 0.011223 0.000756 0.115497 0.334854 0.001644 0.000446 0.000600 0.040702 0.082059 0.001371 0.146287 0.003650
p_a83e0e1433d0,0.026337 0.046229 0.069660 0.040003 0.029067 0.075413 0.020431 0.102450 0.319912 0.052853 0.013544 0.011383 0.154096 0.016692 0.021930
p_157165b09b42,0.000470 0.012840 0.744774 0.020699 0.000055 0.019237 0.006181 0.001699 0.000173 0.001996 0.001488 0.011177 0.003075 0.175866 0.000272
p_207847b2dbbd,0.002229 0.015527 0.011718 0.088442 0.618123 0.092868 0.006149 0.001845 0.020659 0.007739 0.001805 0.004429 0.005732 0.122192 0.000542
p_6cb534a6b708,0.007224 0.050393 0.035577 0.002671 0.000407 0.019279 0.050590 0.122789 0.008004 0.003741 0.008947 0.498130 0.010369 0.178657 0.003221
p_228b55457039,0.013917 0.089160 0.003437 0.003553 0.007655 0.642288 0.019137 0.001662 0.006657 0.000975 0.002272 0.009225 0.006690 0.191349 0.002024
p_6a380b139072,0.074146 0.006641 0.245981 0.001608 0.000318 0.001941 0.000680 0.013796 0.041836 0.026880 0.000768 0.000457 0.574160 0.000103 0.010686
p_1d9f00aa082c,0.003117 0.197982 0.006477 0.012775 0.001537 0.278927 0.067921 0.035722 0.013375 0.008180 0.009143 0.013135 0.007699 0.340416 0.003594
p_9d9efdf43deb,0.021383 0.020196 0.153513 0.029342 0.004159 0.057420 0.008936 0.250886 0.033579 0.341584 0.004940 0.002680 0.050217 0.004176 0.016990
p_4e8140d8dd95,0.007775 0.038010 0.001999 0.005433 0.006835 0.739969 0.011672 0.007707 0.040324 0.002388 0.000529 0.001590 0.018200 0.116966 0.000604
p_c2f2ae5003a9,0.001721 0.010628 0.007301 0.001600 0.000229 0.017369 0.003422 0.022676 0.883076 0.004843 0.000059 0.000129 0.046528 0.000073 0.000345
p_f1dc831812ec,0.000319 0.005926 0.000136 0.000526 0.000827 0.983580 0.001648 0.000582 0.002273 0.000365 0.000022 0.000066 0.001982 0.001662 0.000085
